PFlowSim-0.Sensor_611
2207.551376
2199.680398
2202.129618
2187.103065
2182.53995
2175.44121
2177.946747
2181.395269
2184.369683
2177.757332
2187.48395
2175.740077
2178.473908
2184.500504
2178.033824
2177.490284
2181.679509
2184.476379
2178.802139
2183.972908
2186.242577
2174.998186
2175.83895
2173.69854
2171.747307
2177.02027
2174.093398
2175.503233
2176.6117
2170.259627
2181.16253
2172.939431
2172.84615
2173.099849
2170.939583
2175.440909
2176.821928
2176.228541
2177.660371
2176.730183
2168.555233
2179.796685
2180.04475
2181.286976
2174.209938
2170.247491
2182.604938
2182.821173
2175.486705
2176.104111
2177.565103
2177.847327
2169.610173
2181.422996
2172.332265
2172.749769
2169.876742
2182.938485
2181.737657
2181.922139
2188.876113
2183.806509
2180.85996
2181.161721
2177.179806
2181.992145
2178.796066
2182.927149
2184.515363
2185.047005
2180.28285
2178.798789
2182.246567
2179.140331
2179.742185
2184.954804
2177.032495
2179.500984
2180.405599
2180.202171
2181.330959
2179.962877
2180.250747
2180.263372
2183.65369
2182.752112
2188.599857
2178.75801
2183.379899
2190.318572
2177.212805
2179.653784
2179.612943
2179.802649
2182.293976
2180.62031
2188.732567
2179.727209
2183.772018
2184.739752
PFlowSim-0.Prober_611-V3
2207.551376
2199.680398
2202.129618
2187.103065
2182.53995
2175.44121
2177.946747
2181.395269
2184.369683
2177.757332
2187.48395
2175.740077
2178.473908
2184.500504
2178.033824
2177.490284
2181.679509
2184.476379
2178.802139
2183.972908
2186.242577
2174.998186
2175.83895
2173.69854
2171.747307
2177.02027
2174.093398
2175.503233
2176.6117
2170.259627
2181.16253
2172.939431
2172.84615
2173.099849
2170.939583
2175.440909
2176.821928
2176.228541
2177.660371
2176.730183
2168.555233
2179.796685
2180.04475
2181.286976
2174.209938
2170.247491
2182.604938
2182.821173
2175.486705
2176.104111
2177.565103
2177.847327
2169.610173
2181.422996
2172.332265
2172.749769
2169.876742
2182.938485
2181.737657
2181.922139
2188.876113
2183.806509
2180.85996
2181.161721
2177.179806
2181.992145
2178.796066
2182.927149
2184.515363
2185.047005
2180.28285
2178.798789
2182.246567
2179.140331
2179.742185
2184.954804
2177.032495
2179.500984
2180.405599
2180.202171
2181.330959
2179.962877
2180.250747
2180.263372
2183.65369
2182.752112
2188.599857
2178.75801
2183.379899
2190.318572
2177.212805
2179.653784
2179.612943
2179.802649
2182.293976
2180.62031
2188.732567
2179.727209
2183.772018
2184.739752
PFlowSim-0.Prober_650-T3
1.0
1.0
1.0
0.990625
0.9875
0.9875
0.9875
0.9875
0.9875
0.9875
0.9875
0.984375
0.984375
0.984375
0.984375
0.984375
0.984375
0.984375
0.984375
0.984375
0.984375
0.98125
0.98125
0.98125
0.98125
0.98125
0.98125
0.98125
0.98125
0.98125
0.984375
0.984375
0.984375
0.984375
0.984375
0.9875
0.9875
0.9875
0.9875
0.9875
0.9875
0.990625
0.990625
0.990625
0.990625
0.990625
0.99375
0.99375
0.99375
0.99375
0.99375
0.99375
0.99375
0.99375
0.99375
0.99375
0.99375
0.996875
0.996875
0.996875
0.996875
0.996875
0.996875
0.996875
0.996875
0.996875
0.996875
0.996875
0.996875
0.996875
0.99375
0.99375
0.99375
0.99375
0.99375
0.99375
0.990625
0.990625
0.990625
0.990625
0.990625
0.990625
0.990625
0.990625
0.990625
0.990625
0.990625
0.9875
0.9875
0.9875
0.984375
0.984375
0.984375
0.984375
0.984375
0.984375
0.984375
0.984375
0.984375
0.984375
PFlowSim-0.Prober_611-Load
90.964016
98.025289
99.896471
82.208271
77.798535
79.286083
92.250731
76.563395
69.362055
88.78682
67.112828
80.978195
62.097772
51.913904
67.84894
68.391541
58.378818
48.960396
58.185006
48.169721
48.217122
63.045773
49.709131
52.198829
59.034091
49.120289
60.076712
54.886962
53.499373
74.861172
53.585289
79.147705
78.468966
82.540408
87.291824
92.724873
86.684312
97.598695
84.504345
90.017342
112.492177
97.249775
98.156038
94.425872
115.94556
126.024063
114.985797
119.549982
136.280747
126.673836
129.105753
118.03298
147.815455
120.994937
141.806922
147.727853
157.66037
136.313975
135.589476
132.609331
124.899217
138.673804
136.204297
136.314956
155.789714
133.880632
141.178778
135.495301
138.375762
115.97819
117.021397
123.237282
119.853649
133.807728
122.380465
118.913636
110.207756
102.706013
105.659213
102.411488
90.826241
99.215434
100.081785
98.045749
89.807317
98.216998
80.723696
94.097625
59.510531
62.716805
65.383731
51.230644
67.421168
61.184352
54.603172
59.887403
37.728749
66.407434
59.590793
53.464474
PFlowSim-0.Prober_650-VPu3
0.999968
0.99997
0.999969
0.999973
0.999974
0.999974
0.999974
0.999977
0.999977
0.999976
0.999977
0.999978
0.99998
0.99998
0.999978
0.999978
0.99998
0.999982
0.99998
0.999983
0.99998
0.999981
0.999984
0.99998
0.999982
0.99998
0.999981
0.99998
0.99998
0.999976
0.999978
0.999975
0.999976
0.999977
0.999975
0.999974
0.999975
0.999972
0.999974
0.999972
0.99997
0.99997
0.999969
0.99997
0.999969
0.999966
0.999965
0.999966
0.999963
0.999963
0.999963
0.999964
0.999962
0.999964
0.999963
0.999962
0.99996
0.999959
0.999961
0.999963
0.999963
0.999961
0.99996
0.999961
0.99996
0.999961
0.99996
0.999962
0.999963
0.999963
0.999965
0.999964
0.999966
0.999964
0.999965
0.999966
0.999967
0.999969
0.99997
0.999968
0.999973
0.999971
0.99997
0.999971
0.999972
0.999974
0.999974
0.999974
0.999976
0.999978
0.999978
0.999981
0.999978
0.999978
0.999978
0.999978
0.999981
0.999978
0.999981
0.99998
ControlSim-0.Control_632
-1
-1
-1
0
0
0
0
0
0
-1
0
0
0
0
0
0
0
0
0
-1
0
0
0
0
0
0
0
0
1
0
0
0
1
0
0
0
0
0
1
0
0
0
1
0
0
0
0
0
0
0
0
0
1
0
0
0
0
0
0
0
0
0
0
0
-1
0
0
0
0
-1
0
0
0
0
0
0
0
0
0
-1
0
0
-1
0
0
0
0
0
0
0
0
0
PFlowSim-0.Actuator_650
-1
-1
-1
0
0
0
0
0
0
-1
0
0
0
0
0
0
0
0
0
-1
0
0
0
0
0
0
0
0
1
0
0
0
1
0
0
0
0
0
1
0
0
0
1
0
0
0
0
0
0
0
0
0
1
0
0
0
0
0
0
0
0
0
0
0
-1
0
0
0
0
-1
0
0
0
0
0
0
0
0
0
-1
0
0
-1
0
0
0
0
0
0
0
0
0
