PFlowSim-0.Sensor_611-632.0.0
2207.551375
2199.680397
2202.129618
2187.103064
2182.539949
2175.441211
2177.946746
2181.395268
2184.369682
2177.757332
2187.48395
2175.740076
2178.473908
2184.500504
2178.033824
2177.490284
2181.67951
2184.47638
2178.802138
2183.972907
2186.242577
2174.998185
2175.838951
2173.698539
2171.747308
2177.02027
2174.093399
2175.503235
2176.611701
2170.259626
2181.162528
2172.939438
2172.84615
2173.099849
2170.939584
2175.440909
2176.821929
2176.228541
2177.660372
2176.730182
2168.555234
2179.796684
2180.044745
2181.286977
2174.209938
2170.24749
2182.604938
2182.821174
2175.486706
2176.10411
2177.565102
2177.847327
2169.610175
2188.447254
2172.332271
2172.749769
2169.876742
2182.938485
2181.737656
2181.922138
2188.876115
2176.803609
2173.863579
2174.162095
2170.195566
2181.99214
2178.796066
2182.927149
2184.515363
2185.047006
2180.282849
2178.79879
2182.246567
2179.140332
2179.742185
2184.954817
2177.032496
2179.500983
2180.405599
2180.20217
2181.330958
2179.962878
2180.250748
2180.263373
2183.653691
2182.752112
2188.599858
2178.758011
2183.379899
2190.318573
2177.212804
2179.653783
2179.612944
2179.802648
2182.293978
2180.620309
2188.732568
2172.61534
2176.641501
2177.613057
ControlSim-0.Control_632-650.0
-1
-1
-1
0
0
0
0
0
0
-1
0
0
0
0
0
0
0
0
0
-1
0
0
0
0
0
0
0
0
1
0
0
0
0
1
0
0
0
0
0
1
0
0
0
0
1
0
0
0
0
0
0
1
-1
0
0
1
0
0
0
-1
0
0
0
1
0
0
0
0
-1
0
0
0
0
0
-1
0
0
0
0
0
0
0
0
0
0
-1
0
0
-1
0
0
0
0
0
0
-1
0
0
0
PFlowSim-0.Actuator_650.0
-1
-1
-1
0
0
0
0
0
0
-1
0
0
0
0
0
0
0
0
0
-1
0
0
0
0
0
0
0
0
1
0
0
0
0
1
0
0
0
0
0
1
0
0
0
0
1
0
0
0
0
0
0
1
-1
0
0
1
0
0
0
-1
0
0
0
1
0
0
0
0
-1
0
0
0
0
0
-1
0
0
0
0
0
0
0
0
0
0
-1
0
0
-1
0
0
0
0
0
0
-1
0
0
